51286.5
51287.5
51288.5
51289.5
51290.5
51291.5
51292.5
51293.5
51294.5
51295.5
51296.5
51297.5
51298.5
51299.5
51300.5
51301.5
51302.5
51303.5
51304.5
51305.5
51306.5
51307.5
51308.5
51309.5
51310.5
51311.5
51312.5
51313.5
51314.5
51315.5
51316.5
51317.5
51318.5
51319.5
51320.5
51321.5
51322.5
51323.5
51324.5
51325.5
51326.5
51327.5
51328.5
51329.5
51330.5
51331.5
51332.5
51333.5
51334.5
51335.5
51336.5
51337.5
51338.5
51339.5
51340.5
51341.5
51342.5
51343.5
51344.5
51345.5
51346.5
51347.5
51348.5
51349.5
51350.5
51351.5
51352.5
51353.5
51354.5
51355.5
51356.5
51357.5
51358.5
51359.5
51360.5
51361.5
51362.5
51363.5
51364.5
51365.5
51366.5
51367.5
51368.5
51369.5
51370.5
51371.5
51372.5
51373.5
51374.5
51375.5
51376.5
51377.5
51378.5
51379.5
51380.5
51381.5
51382.5
51383.5
51384.5
51385.5
51386.5
51387.5
51388.5
51389.5
51390.5
51391.5
51392.5
51393.5
51394.5
51395.5
51396.5
51397.5
51398.5
51399.5
51400.5
51401.5
51402.5
51403.5
51404.5
51405.5
51406.5
51407.5
