87810.000
87811.000
87812.000
87813.000
87814.000
87815.000
87816.000
87817.000
87818.000
87819.000
87820.000
87821.000
87822.000
87823.000
87824.000
87825.000
87826.000
87827.000
87828.000
87829.000
87830.000
87831.000
87832.000
87833.000
87834.000
87835.000
87836.000
87837.000
87838.000
87839.000
87840.000
87841.000
87842.000
87843.000
87844.000
87845.000
87846.000
87847.000
87848.000
87849.000
87850.000
87851.000
87852.000
87853.000
87854.000
87855.000
87856.000
87857.000
87858.000
87859.000
87860.000
87861.000
87862.000
87863.000
87864.000
87865.000
87866.000
87867.000
87868.000
87869.000
87870.000
87871.000
87872.000
87873.000
87874.000
87875.000
87876.000
87877.000
87878.000
87879.000
87880.000
87881.000
87882.000
87883.000
87884.000
87885.000
87886.000
87887.000
87888.000
87889.000
87890.000
87891.000
87892.000
87893.000
87894.000
87895.000
87896.000
87897.000
87898.000
87899.000
87900.000
87901.000
87902.000
87903.000
87904.000
87905.000
87906.000
87907.000
87908.000
87909.000
87910.000
87911.000
87912.000
87913.000
87914.000
87915.000
87916.000
87917.000
87918.000
87919.000
87920.000
87921.000
87922.000
87923.000
87924.000
87925.000
87926.000
87927.000
87928.000
87929.000
87930.000
87931.000
