53112.5
53113.5
53114.5
53115.5
53116.5
53117.5
53118.5
53119.5
53120.5
53121.5
53122.5
53123.5
53124.5
53125.5
53126.5
53127.5
53128.5
53129.5
53130.5
53131.5
53132.5
53133.5
53134.5
53135.5
53136.5
53137.5
53138.5
53139.5
53140.5
53141.5
53142.5
53143.5
53144.5
53145.5
53146.5
53147.5
53148.5
53149.5
53150.5
53151.5
53152.5
53153.5
53154.5
53155.5
53156.5
53157.5
53158.5
53159.5
53160.5
53161.5
53162.5
53163.5
53164.5
53165.5
53166.5
53167.5
53168.5
53169.5
53170.5
53171.5
53172.5
53173.5
53174.5
53175.5
53176.5
53177.5
53178.5
53179.5
53180.5
53181.5
53182.5
53183.5
53184.5
53185.5
53186.5
53187.5
53188.5
53189.5
53190.5
53191.5
53192.5
53193.5
53194.5
53195.5
53196.5
53197.5
53198.5
53199.5
53200.5
53201.5
53202.5
53203.5
53204.5
53205.5
53206.5
53207.5
53208.5
53209.5
53210.5
53211.5
53212.5
53213.5
53214.5
53215.5
53216.5
53217.5
53218.5
53219.5
53220.5
53221.5
53222.5
53223.5
53224.5
53225.5
53226.5
53227.5
53228.5
53229.5
53230.5
53231.5
53232.5
53233.5
