89636.000
89637.000
89638.000
89639.000
89640.000
89641.000
89642.000
89643.000
89644.000
89645.000
89646.000
89647.000
89648.000
89649.000
89650.000
89651.000
89652.000
89653.000
89654.000
89655.000
89656.000
89657.000
89658.000
89659.000
89660.000
89661.000
89662.000
89663.000
89664.000
89665.000
89666.000
89667.000
89668.000
89669.000
89670.000
89671.000
89672.000
89673.000
89674.000
89675.000
89676.000
89677.000
89678.000
89679.000
89680.000
89681.000
89682.000
89683.000
89684.000
89685.000
89686.000
89687.000
89688.000
89689.000
89690.000
89691.000
89692.000
89693.000
89694.000
89695.000
89696.000
89697.000
89698.000
89699.000
89700.000
89701.000
89702.000
89703.000
89704.000
89705.000
89706.000
89707.000
89708.000
89709.000
89710.000
89711.000
89712.000
89713.000
89714.000
89715.000
89716.000
89717.000
89718.000
89719.000
89720.000
89721.000
89722.000
89723.000
89724.000
89725.000
89726.000
89727.000
89728.000
89729.000
89730.000
89731.000
89732.000
89733.000
89734.000
89735.000
89736.000
89737.000
89738.000
89739.000
89740.000
89741.000
89742.000
89743.000
89744.000
89745.000
89746.000
89747.000
89748.000
89749.000
89750.000
89751.000
89752.000
89753.000
89754.000
89755.000
89756.000
89757.000
