80505.000
80506.000
80507.000
80508.000
80509.000
80510.000
80511.000
80512.000
80513.000
80514.000
80515.000
80516.000
80517.000
80518.000
80519.000
80520.000
80521.000
80522.000
80523.000
80524.000
80525.000
80526.000
80527.000
80528.000
80529.000
80530.000
80531.000
80532.000
80533.000
80534.000
80535.000
80536.000
80537.000
80538.000
80539.000
80540.000
80541.000
80542.000
80543.000
80544.000
80545.000
80546.000
80547.000
80548.000
80549.000
80550.000
80551.000
80552.000
80553.000
80554.000
80555.000
80556.000
80557.000
80558.000
80559.000
80560.000
80561.000
80562.000
80563.000
80564.000
80565.000
80566.000
80567.000
80568.000
80569.000
80570.000
80571.000
80572.000
80573.000
80574.000
80575.000
80576.000
80577.000
80578.000
80579.000
80580.000
80581.000
80582.000
80583.000
80584.000
80585.000
80586.000
80587.000
80588.000
80589.000
80590.000
80591.000
80592.000
80593.000
80594.000
80595.000
80596.000
80597.000
80598.000
80599.000
80600.000
80601.000
80602.000
80603.000
80604.000
80605.000
80606.000
80607.000
80608.000
80609.000
80610.000
80611.000
80612.000
80613.000
80614.000
80615.000
80616.000
80617.000
80618.000
80619.000
80620.000
80621.000
80622.000
80623.000
80624.000
80625.000
80626.000
