43981.5
43982.5
43983.5
43984.5
43985.5
43986.5
43987.5
43988.5
43989.5
43990.5
43991.5
43992.5
43993.5
43994.5
43995.5
43996.5
43997.5
43998.5
43999.5
44000.5
44001.5
44002.5
44003.5
44004.5
44005.5
44006.5
44007.5
44008.5
44009.5
44010.5
44011.5
44012.5
44013.5
44014.5
44015.5
44016.5
44017.5
44018.5
44019.5
44020.5
44021.5
44022.5
44023.5
44024.5
44025.5
44026.5
44027.5
44028.5
44029.5
44030.5
44031.5
44032.5
44033.5
44034.5
44035.5
44036.5
44037.5
44038.5
44039.5
44040.5
44041.5
44042.5
44043.5
44044.5
44045.5
44046.5
44047.5
44048.5
44049.5
44050.5
44051.5
44052.5
44053.5
44054.5
44055.5
44056.5
44057.5
44058.5
44059.5
44060.5
44061.5
44062.5
44063.5
44064.5
44065.5
44066.5
44067.5
44068.5
44069.5
44070.5
44071.5
44072.5
44073.5
44074.5
44075.5
44076.5
44077.5
44078.5
44079.5
44080.5
44081.5
44082.5
44083.5
44084.5
44085.5
44086.5
44087.5
44088.5
44089.5
44090.5
44091.5
44092.5
44093.5
44094.5
44095.5
44096.5
44097.5
44098.5
44099.5
44100.5
44101.5
44102.5
