54938.5
54939.5
54940.5
54941.5
54942.5
54943.5
54944.5
54945.5
54946.5
54947.5
54948.5
54949.5
54950.5
54951.5
54952.5
54953.5
54954.5
54955.5
54956.5
54957.5
54958.5
54959.5
54960.5
54961.5
54962.5
54963.5
54964.5
54965.5
54966.5
54967.5
54968.5
54969.5
54970.5
54971.5
54972.5
54973.5
54974.5
54975.5
54976.5
54977.5
54978.5
54979.5
54980.5
54981.5
54982.5
54983.5
54984.5
54985.5
54986.5
54987.5
54988.5
54989.5
54990.5
54991.5
54992.5
54993.5
54994.5
54995.5
54996.5
54997.5
54998.5
54999.5
55000.5
55001.5
55002.5
55003.5
55004.5
55005.5
55006.5
55007.5
55008.5
55009.5
55010.5
55011.5
55012.5
55013.5
55014.5
55015.5
55016.5
55017.5
55018.5
55019.5
55020.5
55021.5
55022.5
55023.5
55024.5
55025.5
55026.5
55027.5
55028.5
55029.5
55030.5
55031.5
55032.5
55033.5
55034.5
55035.5
55036.5
55037.5
55038.5
55039.5
55040.5
55041.5
55042.5
55043.5
55044.5
55045.5
55046.5
55047.5
55048.5
55049.5
55050.5
55051.5
55052.5
55053.5
55054.5
55055.5
55056.5
55057.5
55058.5
55059.5
