91462.000
91463.000
91464.000
91465.000
91466.000
91467.000
91468.000
91469.000
91470.000
91471.000
91472.000
91473.000
91474.000
91475.000
91476.000
91477.000
91478.000
91479.000
91480.000
91481.000
91482.000
91483.000
91484.000
91485.000
91486.000
91487.000
91488.000
91489.000
91490.000
91491.000
91492.000
91493.000
91494.000
91495.000
91496.000
91497.000
91498.000
91499.000
91500.000
91501.000
91502.000
91503.000
91504.000
91505.000
91506.000
91507.000
91508.000
91509.000
91510.000
91511.000
91512.000
91513.000
91514.000
91515.000
91516.000
91517.000
91518.000
91519.000
91520.000
91521.000
91522.000
91523.000
91524.000
91525.000
91526.000
91527.000
91528.000
91529.000
91530.000
91531.000
91532.000
91533.000
91534.000
91535.000
91536.000
91537.000
91538.000
91539.000
91540.000
91541.000
91542.000
91543.000
91544.000
91545.000
91546.000
91547.000
91548.000
91549.000
91550.000
91551.000
91552.000
91553.000
91554.000
91555.000
91556.000
91557.000
91558.000
91559.000
91560.000
91561.000
91562.000
91563.000
91564.000
91565.000
91566.000
91567.000
91568.000
91569.000
91570.000
91571.000
91572.000
91573.000
91574.000
91575.000
91576.000
91577.000
91578.000
91579.000
91580.000
91581.000
91582.000
91583.000
