84157.000
84158.000
84159.000
84160.000
84161.000
84162.000
84163.000
84164.000
84165.000
84166.000
84167.000
84168.000
84169.000
84170.000
84171.000
84172.000
84173.000
84174.000
84175.000
84176.000
84177.000
84178.000
84179.000
84180.000
84181.000
84182.000
84183.000
84184.000
84185.000
84186.000
84187.000
84188.000
84189.000
84190.000
84191.000
84192.000
84193.000
84194.000
84195.000
84196.000
84197.000
84198.000
84199.000
84200.000
84201.000
84202.000
84203.000
84204.000
84205.000
84206.000
84207.000
84208.000
84209.000
84210.000
84211.000
84212.000
84213.000
84214.000
84215.000
84216.000
84217.000
84218.000
84219.000
84220.000
84221.000
84222.000
84223.000
84224.000
84225.000
84226.000
84227.000
84228.000
84229.000
84230.000
84231.000
84232.000
84233.000
84234.000
84235.000
84236.000
84237.000
84238.000
84239.000
84240.000
84241.000
84242.000
84243.000
84244.000
84245.000
84246.000
84247.000
84248.000
84249.000
84250.000
84251.000
84252.000
84253.000
84254.000
84255.000
84256.000
84257.000
84258.000
84259.000
84260.000
84261.000
84262.000
84263.000
84264.000
84265.000
84266.000
84267.000
84268.000
84269.000
84270.000
84271.000
84272.000
84273.000
84274.000
84275.000
84276.000
84277.000
84278.000
