47633.5
47634.5
47635.5
47636.5
47637.5
47638.5
47639.5
47640.5
47641.5
47642.5
47643.5
47644.5
47645.5
47646.5
47647.5
47648.5
47649.5
47650.5
47651.5
47652.5
47653.5
47654.5
47655.5
47656.5
47657.5
47658.5
47659.5
47660.5
47661.5
47662.5
47663.5
47664.5
47665.5
47666.5
47667.5
47668.5
47669.5
47670.5
47671.5
47672.5
47673.5
47674.5
47675.5
47676.5
47677.5
47678.5
47679.5
47680.5
47681.5
47682.5
47683.5
47684.5
47685.5
47686.5
47687.5
47688.5
47689.5
47690.5
47691.5
47692.5
47693.5
47694.5
47695.5
47696.5
47697.5
47698.5
47699.5
47700.5
47701.5
47702.5
47703.5
47704.5
47705.5
47706.5
47707.5
47708.5
47709.5
47710.5
47711.5
47712.5
47713.5
47714.5
47715.5
47716.5
47717.5
47718.5
47719.5
47720.5
47721.5
47722.5
47723.5
47724.5
47725.5
47726.5
47727.5
47728.5
47729.5
47730.5
47731.5
47732.5
47733.5
47734.5
47735.5
47736.5
47737.5
47738.5
47739.5
47740.5
47741.5
47742.5
47743.5
47744.5
47745.5
47746.5
47747.5
47748.5
47749.5
47750.5
47751.5
47752.5
47753.5
47754.5
