62243.5
62244.5
62245.5
62246.5
62247.5
62248.5
62249.5
62250.5
62251.5
62252.5
62253.5
62254.5
62255.5
62256.5
62257.5
62258.5
62259.5
62260.5
62261.5
62262.5
62263.5
62264.5
62265.5
62266.5
62267.5
62268.5
62269.5
62270.5
62271.5
62272.5
62273.5
62274.5
62275.5
62276.5
62277.5
62278.5
62279.5
62280.5
62281.5
62282.5
62283.5
62284.5
62285.5
62286.5
62287.5
62288.5
62289.5
62290.5
62291.5
62292.5
62293.5
62294.5
62295.5
62296.5
62297.5
62298.5
62299.5
62300.5
62301.5
62302.5
62303.5
62304.5
62305.5
62306.5
62307.5
62308.5
62309.5
62310.5
62311.5
62312.5
62313.5
62314.5
62315.5
62316.5
62317.5
62318.5
62319.5
62320.5
62321.5
62322.5
62323.5
62324.5
62325.5
62326.5
62327.5
62328.5
62329.5
62330.5
62331.5
62332.5
62333.5
62334.5
62335.5
62336.5
62337.5
62338.5
62339.5
62340.5
62341.5
62342.5
62343.5
62344.5
62345.5
62346.5
62347.5
62348.5
62349.5
62350.5
62351.5
62352.5
62353.5
62354.5
62355.5
62356.5
62357.5
62358.5
62359.5
62360.5
62361.5
62362.5
62363.5
62364.5
