98767.000
98768.000
98769.000
98770.000
98771.000
98772.000
98773.000
98774.000
98775.000
98776.000
98777.000
98778.000
98779.000
98780.000
98781.000
98782.000
98783.000
98784.000
98785.000
98786.000
98787.000
98788.000
98789.000
98790.000
98791.000
98792.000
98793.000
98794.000
98795.000
98796.000
98797.000
98798.000
98799.000
98800.000
98801.000
98802.000
98803.000
98804.000
98805.000
98806.000
98807.000
98808.000
98809.000
98810.000
98811.000
98812.000
98813.000
98814.000
98815.000
98816.000
98817.000
98818.000
98819.000
98820.000
98821.000
98822.000
98823.000
98824.000
98825.000
98826.000
98827.000
98828.000
98829.000
98830.000
98831.000
98832.000
98833.000
98834.000
98835.000
98836.000
98837.000
98838.000
98839.000
98840.000
98841.000
98842.000
98843.000
98844.000
98845.000
98846.000
98847.000
98848.000
98849.000
98850.000
98851.000
98852.000
98853.000
98854.000
98855.000
98856.000
98857.000
98858.000
98859.000
98860.000
98861.000
98862.000
98863.000
98864.000
98865.000
98866.000
98867.000
98868.000
98869.000
98870.000
98871.000
98872.000
98873.000
98874.000
98875.000
98876.000
98877.000
98878.000
98879.000
98880.000
98881.000
98882.000
98883.000
98884.000
98885.000
98886.000
98887.000
98888.000
