58591.5
58592.5
58593.5
58594.5
58595.5
58596.5
58597.5
58598.5
58599.5
58600.5
58601.5
58602.5
58603.5
58604.5
58605.5
58606.5
58607.5
58608.5
58609.5
58610.5
58611.5
58612.5
58613.5
58614.5
58615.5
58616.5
58617.5
58618.5
58619.5
58620.5
58621.5
58622.5
58623.5
58624.5
58625.5
58626.5
58627.5
58628.5
58629.5
58630.5
58631.5
58632.5
58633.5
58634.5
58635.5
58636.5
58637.5
58638.5
58639.5
58640.5
58641.5
58642.5
58643.5
58644.5
58645.5
58646.5
58647.5
58648.5
58649.5
58650.5
58651.5
58652.5
58653.5
58654.5
58655.5
58656.5
58657.5
58658.5
58659.5
58660.5
58661.5
58662.5
58663.5
58664.5
58665.5
58666.5
58667.5
58668.5
58669.5
58670.5
58671.5
58672.5
58673.5
58674.5
58675.5
58676.5
58677.5
58678.5
58679.5
58680.5
58681.5
58682.5
58683.5
58684.5
58685.5
58686.5
58687.5
58688.5
58689.5
58690.5
58691.5
58692.5
58693.5
58694.5
58695.5
58696.5
58697.5
58698.5
58699.5
58700.5
58701.5
58702.5
58703.5
58704.5
58705.5
58706.5
58707.5
58708.5
58709.5
58710.5
58711.5
58712.5
