95115.000
95116.000
95117.000
95118.000
95119.000
95120.000
95121.000
95122.000
95123.000
95124.000
95125.000
95126.000
95127.000
95128.000
95129.000
95130.000
95131.000
95132.000
95133.000
95134.000
95135.000
95136.000
95137.000
95138.000
95139.000
95140.000
95141.000
95142.000
95143.000
95144.000
95145.000
95146.000
95147.000
95148.000
95149.000
95150.000
95151.000
95152.000
95153.000
95154.000
95155.000
95156.000
95157.000
95158.000
95159.000
95160.000
95161.000
95162.000
95163.000
95164.000
95165.000
95166.000
95167.000
95168.000
95169.000
95170.000
95171.000
95172.000
95173.000
95174.000
95175.000
95176.000
95177.000
95178.000
95179.000
95180.000
95181.000
95182.000
95183.000
95184.000
95185.000
95186.000
95187.000
95188.000
95189.000
95190.000
95191.000
95192.000
95193.000
95194.000
95195.000
95196.000
95197.000
95198.000
95199.000
95200.000
95201.000
95202.000
95203.000
95204.000
95205.000
95206.000
95207.000
95208.000
95209.000
95210.000
95211.000
95212.000
95213.000
95214.000
95215.000
95216.000
95217.000
95218.000
95219.000
95220.000
95221.000
95222.000
95223.000
95224.000
95225.000
95226.000
95227.000
95228.000
95229.000
95230.000
95231.000
95232.000
95233.000
95234.000
95235.000
95236.000
